age death critical severe symptomatic infection
0 10 70 337 5241 1.302e+04
1 10 78 361 5668 1.427e+04
2 7 65 353 6293 1.577e+04
3 15 74 395 6177 1.561e+04
4 11 73 406 6555 1.662e+04
5 15 87 418 6635 1.646e+04
6 14 91 447 6727 1.693e+04
7 16 94 512 6721 1.687e+04
8 18 97 472 6589 1.637e+04
9 15 100 471 7041 1.76e+04
10 5 31 223 4764 1.888e+04
11 8 37 204 4528 1.801e+04
12 10 59 223 4499 1.793e+04
13 13 52 232 4415 1.785e+04
14 13 41 221 4459 1.776e+04
15 12 52 221 4554 1.815e+04
16 6 47 234 4676 1.891e+04
17 7 44 235 4897 1.929e+04
18 14 59 271 4373 1.779e+04
19 7 51 292 4372 1.711e+04
20 26 89 493 6269 1.696e+04
21 22 88 511 7068 1.908e+04
22 19 73 457 6235 1.71e+04
23 20 79 564 6947 1.901e+04
24 28 104 577 7424 1.981e+04
25 29 87 608 7656 2.075e+04
26 35 107 548 6943 1.872e+04
27 37 90 498 6990 1.864e+04
28 25 91 550 7601 2.045e+04
29 21 75 546 7364 1.994e+04
30 78 222 1084 9527 2.29e+04
31 72 206 980 8549 2.054e+04
32 57 205 1042 8733 2.044e+04
33 76 228 1027 8905 2.156e+04
34 65 200 1051 8804 2.093e+04
35 84 245 1091 9197 2.19e+04
36 56 215 1091 8749 2.097e+04
37 67 210 1003 8717 2.115e+04
38 57 211 1065 9109 2.167e+04
39 75 240 1118 9321 2.217e+04
40 160 453 2016 1.203e+04 2.364e+04
41 152 394 1916 1.116e+04 2.213e+04
42 189 442 2007 1.229e+04 2.389e+04
43 142 406 1905 1.164e+04 2.282e+04
44 168 430 2067 1.221e+04 2.402e+04
45 181 443 2163 1.303e+04 2.551e+04
46 151 410 1936 1.165e+04 2.284e+04
47 179 426 1960 1.165e+04 2.277e+04
48 162 458 2072 1.226e+04 2.374e+04
49 147 412 2042 1.214e+04 2.403e+04
50 326 667 3287 1.554e+04 2.642e+04
51 357 730 3156 1.447e+04 2.434e+04
52 337 736 3155 1.452e+04 2.458e+04
53 340 717 3157 1.422e+04 2.403e+04
54 357 714 3034 1.371e+04 2.331e+04
55 312 661 2987 1.367e+04 2.312e+04
56 278 596 2607 1.195e+04 2.051e+04
57 279 591 2570 1.235e+04 2.071e+04
58 268 565 2506 1.179e+04 1.997e+04
59 228 479 2290 1.056e+04 1.782e+04
60 504 1027 4550 1.303e+04 1.809e+04
61 505 1010 4550 1.305e+04 1.816e+04
62 514 1015 4516 1.311e+04 1.809e+04
63 427 857 3945 1.148e+04 1.591e+04
64 371 765 3432 9982 1.397e+04
65 402 819 3445 1.008e+04 1.394e+04
66 290 647 2947 8682 1.225e+04
67 308 655 2824 8179 1.129e+04
68 312 581 2643 7730 1.066e+04
69 263 560 2494 7313 1.019e+04
70 331 688 3305 6651 8752
71 293 639 2903 5722 7537
72 276 548 2760 5743 7565
73 241 542 2618 5374 7191
74 258 519 2561 5130 6782
75 179 427 2271 4721 6249
76 183 401 2002 4002 5279
77 190 401 1971 4023 5292
78 163 357 1758 3587 4710
79 170 361 1767 3627 4754
80 105 235 1757 3615 4767
81 94 178 1412 2848 3757
82 71 168 1336 2691 3626
83 80 178 1366 2752 3666
84 81 145 1087 2335 3132
85 60 129 990 2068 2729
86 56 123 1120 2310 2985
87 52 126 881 1768 2312
88 49 99 802 1635 2154
89 37 83 611 1316 1743
90 43 82 610 1240 1613
91 35 64 418 862 1130
92 0 0 0 0 0
93 0 0 0 0 0
94 39 98 617 1280 1655
95 76 157 1160 2354 3110
